39989349.9,116387958.3,397741763.773
39989360.0,116387966.6,397741766.319
39989433.3,116388028.3,397741767.13
39989521.6,116388056.6,397741771.296
39989611.6,116388043.3,397741772.685
39989706.6,116388036.6,397741773.727
39989796.6,116388069.9,397741780.671
39989866.6,116388011.6,397741791.435
39989951.6,116387969.9,397741792.593
39990028.3,116387920.0,397741793.634
39990121.6,116387903.3,397741794.792
39990213.3,116387885.0,397741795.949
39990289.9,116387833.3,397741796.991
39990358.3,116387771.6,397741797.917
39990451.6,116387741.6,397741799.19
39990541.6,116387734.9,397741804.398
39990611.6,116387669.9,397741805.671
39990696.6,116387640.0,397741807.639
39990791.6,116387616.6,397741811.227
39990878.3,116387575.0,397741812.153
39990960.0,116387526.6,397741812.963
39991051.6,116387486.6,397741813.889
39991148.3,116387518.3,397741814.931
39991233.3,116387555.0,397741815.972
39991341.6,116387571.6,397741820.139
39991384.9,116387483.3,397741830.324
39991446.6,116387415.0,397741831.481
39991543.3,116387411.6,397741832.755
39991633.3,116387431.6,397741833.565
39991709.9,116387485.0,397741834.722
39991758.3,116387398.3,397741842.477
39991819.9,116387326.6,397741855.671
39991906.6,116387284.9,397741856.944
39992003.3,116387286.6,397741858.449
39992088.3,116387331.6,397741859.722
39992181.6,116387308.3,397741861.458
39992276.6,116387296.6,397741864.815
39992366.6,116387301.6,397741865.856
39992461.6,116387311.6,397741867.593
39992551.6,116387286.6,397741868.75
39992655.0,116387299.9,397741869.792
39992725.0,116387361.6,397741870.833
39992821.6,116387338.3,397741871.991
39992924.9,116387338.3,397741873.148
39993013.3,116387310.0,397741874.19
39993091.6,116387263.3,397741875.347
39993170.0,116387308.3,397741877.778
39993263.3,116387281.6,397741881.134
39993361.6,116387298.3,397741882.176
39993451.6,116387321.6,397741883.333
39993441.6,116387231.6,397741892.014
39993546.6,116387223.3,397741899.19
39993644.9,116387229.9,397741899.769
39993736.6,116387221.6,397741900.347
39993833.3,116387201.6,397741905.324
39993846.6,116387111.6,397741915.278
39993769.9,116387058.3,397741915.972
39993708.3,116386988.3,397741916.667
39993633.3,116386928.3,397741917.477
39993578.3,116386840.0,397741918.981
39993559.9,116386738.3,397741919.676
39993533.3,116386630.0,397741920.37
39993511.6,116386541.6,397741921.181
39993503.3,116386446.6,397741922.106
39993425.0,116386491.6,397742039.931
39993340.0,116386444.9,397742041.319
39993246.6,116386455.0,397742042.477
39993156.6,116386475.0,397742043.634
39993113.3,116386394.9,397742044.444
39993086.6,116386306.6,397742045.255
39993038.3,116386221.6,397742046.296
39993009.9,116386131.6,397742047.106
39992994.9,116386041.6,397742048.032
39992983.3,116385946.6,397742049.19
39992960.0,116385849.9,397742050.347
39992893.3,116385786.6,397742051.505
39992806.6,116385743.3,397742053.009
39992776.6,116385655.0,397742054.051
39992744.9,116385554.9,397742054.63
39992710.0,116385451.6,397742055.208
39992670.0,116385366.6,397742055.787
39992579.9,116385356.6,397742057.176
39992481.6,116385323.3,397742058.218
39992411.6,116385248.3,397742059.375
39992315.0,116385274.9,397742060.764
39992260.0,116385346.6,397742061.574
39992218.3,116385428.3,397742062.5
39992121.6,116385478.3,397742064.12
39992014.9,116385496.6,397742064.815
39991946.6,116385556.6,397742066.782
39991891.6,116385483.3,397742068.287
39991751.6,116385503.3,397742069.56
39991663.3,116385481.6,397742070.37
39991571.6,116385486.6,397742071.412
39991475.0,116385533.3,397742072.222
39991384.9,116385495.0,397742074.537
39991293.3,116385394.9,397742078.125
39991201.6,116385421.6,397742084.259
39991089.9,116385441.6,397742085.995
39990998.3,116385429.9,397742086.921
39990908.3,116385436.6,397742088.079
39990818.3,116385468.3,397742089.583
39990731.6,116385506.6,397742091.204
39990641.6,116385513.3,397742093.403
39990511.6,116385530.0,397742096.065
39990425.0,116385561.6,397742097.685
39990336.6,116385583.3,397742098.958
39990255.0,116385539.9,397742100.463
39990258.3,116385404.9,397742101.736
39990171.6,116385443.3,397742106.713
39990075.0,116385440.0,397742107.87
39989986.6,116385414.9,397742109.606
39989893.3,116385454.9,397742110.648
39989799.9,116385463.3,397742111.574
39989696.6,116385454.9,397742116.319
39989606.6,116385445.0,397742117.13
39989574.9,116385338.3,397742118.519
39989570.0,116385209.9,397742119.213
39989571.6,116385103.3,397742120.602
39989585.0,116385010.0,397742125.0
39989594.9,116384916.6,397742125.926
39989588.3,116384819.9,397742126.852
39989641.6,116384906.6,397742127.431
39989744.9,116384920.0,397742128.125
39989791.6,116384836.6,397742129.051
39989825.0,116384748.3,397742129.977
39989801.6,116384649.9,397742131.134
39989763.3,116384551.6,397742132.407
39989713.3,116384471.6,397742133.333
39989740.0,116384384.9,397742134.259
39989803.3,116384319.9,397742135.417
39989891.6,116384346.6,397742136.574
39989983.3,116384329.9,397742137.269
39990028.3,116384249.9,397742137.731
39990024.9,116384154.9,397742138.194
39990001.6,116384061.6,397742139.12
39989928.3,116383976.6,397742139.699
39989920.0,116383881.6,397742140.856
39989923.3,116383791.6,397742141.667
39989913.3,116383700.0,397742142.361
39989911.6,116383596.6,397742143.403
39989906.6,116383499.9,397742144.213
39989905.0,116383396.6,397742145.255
39989888.3,116383304.9,397742145.949
39989813.3,116383368.3,397742147.222
39989728.3,116383404.9,397742148.611
39989630.0,116383404.9,397742149.306
39989613.3,116383303.3,397742150.231
39989616.6,116383204.9,397742151.157
39989610.0,116383108.3,397742151.736
39989606.6,116383009.9,397742152.546
39989588.3,116382918.3,397742153.472
39989545.0,116382829.9,397742154.514
39989564.9,116382735.0,397742155.44
39989508.3,116382656.6,397742156.829
39989409.9,116382681.6,397742158.796
39989320.0,116382716.6,397742159.606
39989224.9,116382691.6,397742160.648
39989144.9,116382643.3,397742161.69
39989111.6,116382549.9,397742162.847
39989161.6,116382425.0,397742163.426
39989163.3,116382313.3,397742163.657
39989188.3,116382226.6,397742164.352
39989214.9,116382126.6,397742165.162
39989199.9,116382003.3,397742165.394
39989186.6,116381900.0,397742165.856
39989181.6,116381788.3,397742166.551
39989146.6,116381690.0,397742166.898
39989228.3,116381845.0,397742171.759
39989231.6,116381948.3,397742173.264
39989226.6,116382048.3,397742174.19
39989226.6,116382143.3,397742174.884
39989229.9,116382233.3,397742175.463
39989221.6,116382126.6,397742180.44
39989214.9,116382020.0,397742181.134
39989206.6,116381911.6,397742181.829
39989229.9,116381813.3,397742233.449
39989233.3,116381928.3,397742247.569
39989229.9,116382043.3,397742247.917
39989199.9,116382161.6,397742248.264
39989199.9,116382294.9,397742248.611
39989201.6,116382195.0,397742254.051
39989243.3,116382084.9,397742254.398
39989273.3,116381964.9,397742254.745
39989308.3,116381866.6,397742254.977
39989343.3,116381743.3,397742255.208
39989358.3,116381648.3,397742255.556
39989384.9,116381551.6,397742255.903
39989426.6,116381451.6,397742256.25
39989470.0,116381343.3,397742256.597
39989501.6,116381241.6,397742257.06
39989523.3,116381148.3,397742257.523
39989588.3,116381073.3,397742258.218
39989686.6,116381008.3,397742258.681
39991140.0,116380891.6,397742260.532
39991250.0,116380889.9,397742260.648
39991356.6,116380886.6,397742260.764
39991564.9,116380876.6,397742260.995
39991683.3,116380876.6,397742261.111
39991801.6,116380878.3,397742261.227
39991911.6,116380881.6,397742261.343
39992004.9,116380876.6,397742261.458
39992110.0,116380873.3,397742261.574
39992214.9,116380864.9,397742261.69
39992950.0,116380765.0,397742262.5
39993131.6,116380645.0,397742262.847
39993259.9,116380549.9,397742263.079
39993486.6,116380054.9,397742263.889
39993416.6,116379969.9,397742264.12
39993418.3,116379873.3,397742264.583
39993315.0,116380006.6,397742265.972
39993243.3,116380081.6,397742266.204
39993245.0,116379964.9,397742268.056
39993204.9,116379849.9,397742268.403
39993188.3,116379731.6,397742268.634
39993196.6,116379553.3,397742268.866
39992750.0,116367209.9,397742277.199
39992731.6,116367033.3,397742277.315
39992718.3,116366861.6,397742277.431
39992719.9,116366678.3,397742277.546
39992711.6,116366493.3,397742277.662
39992699.9,116366316.6,397742277.778
39992684.9,116366131.6,397742277.894
39992676.6,116365948.3,397742278.009
39992666.6,116365773.3,397742278.125
39992653.3,116365599.9,397742278.241
39992648.3,116365424.9,397742278.356
39992638.3,116365249.9,397742278.472
39992623.3,116365079.9,397742278.588
39992618.3,116364913.3,397742278.704
39992616.6,116364753.3,397742278.819
39992606.6,116364595.0,397742278.935
39992601.6,116364434.9,397742279.051
39992596.6,116364273.3,397742279.167
39992593.3,116364129.9,397742279.282
39992600.0,116363990.0,397742279.398
39992595.0,116363848.3,397742279.514
39992821.6,116362973.3,397742281.134
39992848.3,116362839.9,397742281.481
39992835.0,116362723.3,397742281.713
39992810.0,116362229.9,397742282.523
39992671.6,116361598.3,397742283.681
39992670.0,116361475.0,397742283.912
39992680.0,116361356.6,397742285.301
39992711.6,116361223.3,397742285.648
39992706.6,116361111.6,397742285.88
39992698.3,116360979.9,397742286.111
39992691.6,116360818.3,397742286.343
39992710.0,116360606.6,397742286.574
39992703.3,116360498.3,397742286.69
39992704.9,116360383.3,397742286.806
39992691.6,116360276.6,397742286.921
39992689.9,116360156.6,397742287.037
39992689.9,116360036.6,397742287.153
39992305.0,116359496.6,397742290.625
39992279.9,116352231.6,397742304.63
39992294.9,116352078.3,397742304.861
39992300.0,116351916.6,397742305.093
39992411.6,116351829.9,397742305.324
39992448.3,116351731.6,397742305.556
39992525.0,116351606.6,397742305.903
39992595.0,116349576.6,397742308.333
39992551.6,116349473.3,397742308.449
39992504.9,116349373.3,397742308.565
39992455.0,116349273.3,397742308.681
39992413.3,116349161.6,397742308.796
39992371.6,116349038.3,397742308.912
39992358.3,116348899.9,397742309.028
39992326.6,116348788.3,397742309.144
39992300.0,116348675.0,397742309.259
39992260.0,116348574.9,397742309.375
39992294.9,116348396.6,397742309.491
39992288.3,116348253.3,397742309.606
39992266.6,116348141.6,397742309.722
39992245.0,116348043.3,397742309.838
39992211.6,116347886.6,397742310.069
39992188.3,116347786.6,397742310.301
39992161.6,116347683.3,397742310.648
39992128.3,116347561.6,397742317.593
39992123.3,116347428.3,397742317.824
39992118.3,116347273.3,397742318.056
39992114.9,116347123.3,397742318.287
39992103.3,116346988.3,397742318.519
39992086.6,116346860.0,397742318.75
39992080.0,116346743.3,397742318.981
39992059.9,116346609.9,397742319.213
39992008.3,116343586.6,397742323.38
39992020.0,116343486.6,397742323.495
39992021.6,116343378.3,397742323.611
39992029.9,116343160.0,397742323.843
39992035.0,116343056.6,397742323.958
39992040.0,116342961.6,397742324.074
39992041.6,116342863.3,397742324.19
39992035.0,116342768.3,397742324.306
39992016.6,116342663.3,397742324.421
39992004.9,116342483.3,397742324.653
39992008.3,116342324.9,397742324.884
39992018.3,116342219.9,397742325.0
39992001.6,116342118.3,397742325.116
39991891.6,116341998.3,397742325.231
39991873.3,116341891.6,397742325.347
39991849.9,116341803.3,397742325.463
39991844.9,116341703.3,397742325.579
39991853.3,116341588.3,397742325.694
39991846.6,116341386.6,397742325.926
39991901.6,116340563.3,397742326.62
39991925.0,116340448.3,397742326.736
39991925.0,116340315.0,397742326.852
39991948.3,116339936.6,397742327.199
39991944.9,116339656.6,397742327.431
39991889.9,116338851.6,397742328.009
39991956.6,116338473.3,397742328.472
39992056.6,116338403.3,397742328.704
39991926.6,116338516.6,397742329.051
39991943.3,116338606.6,397742329.282
39992011.6,116338535.0,397742330.44
39991681.6,116338293.3,397742354.977
39994441.6,116338558.3,397742359.838
39994579.9,116338504.9,397742359.954
39994713.3,116338459.9,397742360.069
39994848.3,116338413.3,397742360.185
39994986.6,116338364.9,397742360.301
39995129.9,116338329.9,397742360.417
39995288.3,116338308.3,397742360.532
39995448.3,116338283.3,397742360.648
39995619.9,116338249.9,397742360.764
39995798.3,116338223.3,397742360.88
39995975.0,116338213.3,397742360.995
39996158.3,116338188.3,397742361.111
39996328.3,116338163.3,397742361.227
39996491.6,116338139.9,397742361.343
39996658.3,116338130.0,397742361.458
39996819.9,116338128.3,397742361.574
39996971.6,116338143.3,397742361.69
39998190.0,116338443.3,397742362.616
39998356.6,116338478.3,397742362.731
39998525.0,116338501.6,397742362.847
39998701.6,116338473.3,397742362.963
39999226.6,116338034.9,397742363.542
39999350.0,116337990.0,397742363.657
39999801.6,116337966.6,397742364.005
39992058.3,116331649.9,397742377.083
39992004.9,116331544.9,397742377.315
39991971.6,116331456.6,397742377.546
39991929.9,116331373.3,397742377.894
39991896.6,116331274.9,397742378.241
39991881.6,116331176.6,397742378.704
39991831.6,116331053.3,397742379.282
39991646.6,116330736.6,397742380.787
39991558.3,116330695.0,397742381.134
39991466.6,116330643.3,397742381.481
39991398.3,116330566.6,397742381.829
39991325.0,116330485.0,397742382.176
39991325.0,116330365.0,397742382.523
39991308.3,116330226.6,397742382.755
39991316.6,116330069.9,397742382.986
39991333.3,116329904.9,397742383.218
39991314.9,116329728.3,397742383.449
39991308.3,116329560.0,397742383.681
39991320.0,116329385.0,397742383.912
39991333.3,116329238.3,397742384.144
39991358.3,116329105.0,397742384.375
39991393.3,116328985.0,397742384.606
39991413.3,116328878.3,397742384.838
39991456.6,116328781.6,397742385.069
39991496.6,116328685.0,397742385.648
39991581.6,116328718.3,397742386.111
39991600.0,116328821.6,397742389.699
39991588.3,116328946.6,397742390.394
39991548.3,116329051.6,397742391.088
39991509.9,116329140.0,397742391.551
39991554.9,116329226.6,397742391.898
39991646.6,116329321.6,397742392.361
39991724.9,116329383.3,397742393.171
39991756.6,116329468.3,397742395.486
39991708.3,116329546.6,397742396.991
39991688.3,116329634.9,397742397.569
39991648.3,116329721.6,397742398.727
39991623.3,116329808.3,397742399.653
39991619.9,116329914.9,397742400.81
39991618.3,116330006.6,397742401.968
39991623.3,116330098.3,397742403.356
39991668.3,116330183.3,397742404.745
39991728.3,116330251.6,397742406.019
39991753.3,116330345.0,397742406.829
39991721.6,116330431.6,397742407.986
39991700.0,116330535.0,397742408.912
39991733.3,116330623.3,397742410.185
39991746.6,116330724.9,397742410.995
39991746.6,116330829.9,397742411.921
39991700.0,116330921.6,397742412.847
39991664.9,116331011.6,397742413.889
39991649.9,116331104.9,397742416.667
39991648.3,116331206.6,397742417.593
39991588.3,116331136.6,397742427.894
39991498.3,116331156.6,397742428.472
39991458.3,116331239.9,397742428.935
39991454.9,116331348.3,397742429.745
39991456.6,116331458.3,397742431.019
39991471.6,116331548.3,397742431.713
39991523.3,116331624.9,397742432.292
39991569.9,116331711.6,397742433.333
39991596.6,116331816.6,397742434.028
39991551.6,116331913.3,397742434.491
39991560.0,116332003.3,397742434.954
39991568.3,116332104.9,397742435.301
39991600.0,116332193.3,397742436.69
39991523.3,116332244.9,397742437.5
39991471.6,116332328.3,397742438.31
39991475.0,116332429.9,397742439.352
39991469.9,116332521.6,397742440.046
39991445.0,116332630.0,397742440.856
39991421.6,116332761.6,397742443.403
39991365.0,116332836.6,397742444.097
39991281.6,116332906.6,397742445.023
39991225.0,116333004.9,397742446.065
39991288.3,116333116.6,397742447.454
39991398.3,116333169.9,397742447.917
39991490.0,116333213.3,397742448.38
39991606.6,116333234.9,397742448.843
39991709.9,116333234.9,397742449.421
39991549.9,116332461.6,397742868.403
39991516.6,116332376.6,397742870.255
39991511.6,116332279.9,397742870.949
39991475.0,116332184.9,397742871.644
39991439.9,116332088.3,397742872.454
39991416.6,116331989.9,397742873.148
39991401.6,116331889.9,397742873.843
39991398.3,116331795.0,397742874.884
39991405.0,116331668.3,397742879.514
39991441.6,116331553.3,397742879.861
39991445.0,116331458.3,397742880.44
39991438.3,116331363.3,397742881.134
39991413.3,116331261.6,397742881.713
39991411.6,116331161.6,397742882.292
39991398.3,116331068.3,397742882.986
39991396.6,116330975.0,397742883.796
39991499.9,116331018.3,397742884.954
39991596.6,116331018.3,397742885.417
39991594.9,116330908.3,397742887.269
39991611.6,116330806.6,397742887.847
39991609.9,116330684.9,397742889.005
39991615.0,116330591.6,397742889.931
39991566.6,116330506.6,397742891.782
39991576.6,116330404.9,397742892.824
39991581.6,116330306.6,397742893.519
39991608.3,116330206.6,397742894.213
39991606.6,116330104.9,397742895.255
39991615.0,116329993.3,397742896.296
39991621.6,116329890.0,397742896.875
39991576.6,116329808.3,397742897.454
39991545.0,116329718.3,397742898.148
39991551.6,116329624.9,397742898.843
39991538.3,116329526.6,397742899.653
39991528.3,116329429.9,397742900.231
39991530.0,116329339.9,397742901.852
39991491.6,116329251.6,397742902.431
39991493.3,116329154.9,397742903.125
39991471.6,116329058.3,397742903.704
39991468.3,116328968.3,397742904.398
39991475.0,116328864.9,397742905.208
39991443.3,116328771.6,397742905.787
39991406.6,116328681.6,397742906.481
39991441.6,116328593.3,397742907.986
39991520.0,116328543.3,397742909.375
39991454.9,116328478.3,397743017.014
39991476.6,116328379.9,397743018.056
39991498.3,116328288.3,397743021.412
39991478.3,116328163.3,397743021.759
39991451.6,116328026.6,397743022.106
39991428.3,116327933.3,397743022.338
39991411.6,116327819.9,397743022.569
39991395.0,116327693.3,397743022.801
39991393.3,116327589.9,397743023.148
39991256.6,116327393.3,397743024.653
39991144.9,116327328.3,397743024.884
39991045.0,116327299.9,397743025.0
39990926.6,116327185.0,397743025.231
39990893.3,116327033.3,397743025.463
39990919.9,116326934.9,397743025.579
39990955.0,116326838.3,397743025.694
39991003.3,116326731.6,397743025.81
39991045.0,116326626.6,397743025.926
39991115.0,116326506.6,397743026.042
39991283.3,116326310.0,397743026.157
39991376.6,116326164.9,397743026.273
39991433.3,116326031.6,397743026.389
39991505.0,116325883.3,397743026.505
39991538.3,116325759.9,397743026.62
39991563.3,116325634.9,397743026.736
39991584.9,116325511.6,397743026.852
39991609.9,116325388.3,397743026.968
39991645.0,116325266.6,397743027.083
39991648.3,116325119.9,397743027.199
39991651.6,116324971.6,397743027.315
39991653.3,116324819.9,397743027.431
39991651.6,116324663.3,397743027.546
39991651.6,116324495.0,397743027.662
39991660.0,116324314.9,397743027.778
39991676.6,116324138.3,397743027.894
39991679.9,116323968.3,397743028.009
39991678.3,116323793.3,397743028.125
39991691.6,116323611.6,397743028.241
39991691.6,116323431.6,397743028.356
39991681.6,116323253.3,397743028.472
39991673.3,116323076.6,397743028.588
39991648.3,116322891.6,397743028.704
39991628.3,116322704.9,397743028.819
39991606.6,116322516.6,397743028.935
39991584.9,116322319.9,397743029.051
39991558.3,116322124.9,397743029.167
39991543.3,116321933.3,397743029.282
39991528.3,116321738.3,397743029.398
39991511.6,116321543.3,397743029.514
39991494.9,116321355.0,397743029.63
39991468.3,116321153.3,397743029.745
39991433.3,116320941.6,397743029.861
39991403.3,116320729.9,397743029.977
39991393.3,116320528.3,397743030.093
39991381.6,116320329.9,397743030.208
39991371.6,116320139.9,397743030.324
39991361.6,116319943.3,397743030.44
39991351.6,116319746.6,397743030.556
39991344.9,116319548.3,397743030.671
39991336.6,116319353.3,397743030.787
39991331.6,116319159.9,397743030.903
39991321.6,116318963.3,397743031.019
39991310.0,116318766.6,397743031.134
39991305.0,116318566.6,397743031.25
39991293.3,116318368.3,397743031.366
39991289.9,116318166.6,397743031.481
39991286.6,116317971.6,397743031.597
39991276.6,116317778.3,397743031.713
39991276.6,116317591.6,397743031.829
39991266.6,116317413.3,397743031.944
39991266.6,116317236.6,397743032.06
39991276.6,116317064.9,397743032.176
39991276.6,116316901.6,397743032.292
39991273.3,116316738.3,397743032.407
39991274.9,116316578.3,397743032.523
39991266.6,116316434.9,397743032.639
39991259.9,116316318.3,397743032.755
39991259.9,116316213.3,397743032.87
39991246.6,116316121.6,397743032.986
39991219.9,116315971.6,397743033.218
39991198.3,116315870.0,397743033.449
39991170.0,116315776.6,397743038.542
39991156.6,116315634.9,397743038.889
39991133.3,116315508.3,397743039.12
39991110.0,116315346.6,397743039.352
39991096.6,116315254.9,397743039.468
39991079.9,116315156.6,397743039.583
39991073.3,116315058.3,397743039.699
39991073.3,116314949.9,397743039.815
39991079.9,116314829.9,397743039.931
39991068.3,116314709.9,397743040.046
39991056.6,116314584.9,397743040.162
39991059.9,116314441.6,397743040.278
39991045.0,116314304.9,397743040.394
39991033.3,116314166.6,397743040.509
39991030.0,116314020.0,397743040.625
39991033.3,116313878.3,397743040.741
39991033.3,116313734.9,397743040.856
39991036.6,116313588.3,397743040.972
39991034.9,116313439.9,397743041.088
39991031.6,116313288.3,397743041.204
39991028.3,116313138.3,397743041.319
39991028.3,116312981.6,397743041.435
39991019.9,116312828.3,397743041.551
39991011.6,116312669.9,397743041.667
39991011.6,116312513.3,397743041.782
39991003.3,116312353.3,397743041.898
39990991.6,116312190.0,397743042.014
39990988.3,116312015.0,397743042.13
39990983.3,116311833.3,397743042.245
39990979.9,116311651.6,397743042.361
39990971.6,116311484.9,397743042.477
39990975.0,116311318.3,397743042.593
39990986.6,116311163.3,397743042.708
39991004.9,116311018.3,397743042.824
39991009.9,116310869.9,397743042.94
39991019.9,116310729.9,397743043.056
39991025.0,116310583.3,397743043.171
39991025.0,116310428.3,397743043.287
39991026.6,116310271.6,397743043.403
39991021.6,116310131.6,397743043.519
39991021.6,116310005.0,397743043.634
39991026.6,116309883.3,397743043.75
39991041.6,116309780.0,397743043.866
39991088.3,116309686.6,397743043.981
39991198.3,116309681.6,397743044.213
39991305.0,116309673.3,397743044.444
39991486.6,116309655.0,397743044.676
39991594.9,116309643.3,397743044.792
39991706.6,116309631.6,397743044.907
39991819.9,116309621.6,397743045.023
39991938.3,116309614.9,397743045.139
39992061.6,116309606.6,397743045.255
39992188.3,116309596.6,397743045.37
39992324.9,116309581.6,397743045.486
39992464.9,116309566.6,397743045.602
39992595.0,116309550.0,397743045.718
39992729.9,116309528.3,397743045.833
39992854.9,116309509.9,397743045.949
39992991.6,116309473.3,397743046.065
39993131.6,116309441.6,397743046.181
39993288.3,116309411.6,397743046.296
39993440.0,116309389.9,397743046.412
39993588.3,116309378.3,397743046.528
39993745.0,116309361.6,397743046.644
39993898.3,116309343.3,397743046.759
39994055.0,116309321.6,397743046.875
39994221.6,116309298.3,397743046.991
39994384.9,116309276.6,397743047.106
39994546.6,116309255.0,397743047.222
39994703.3,116309240.0,397743047.338
39994868.3,116309220.0,397743047.454
39995035.0,116309199.9,397743047.569
39995201.6,116309181.6,397743047.685
39995375.0,116309159.9,397743047.801
39995540.0,116309141.6,397743047.917
39995708.3,116309121.6,397743048.032
39995875.0,116309101.6,397743048.148
39996036.6,116309083.3,397743048.264
39996200.0,116309065.0,397743048.38
39996361.6,116309046.6,397743048.495
39996526.6,116309026.6,397743048.611
39996691.6,116309004.9,397743048.727
39996856.6,116308983.3,397743048.843
39997018.3,116308961.6,397743048.958
39997173.3,116308944.9,397743049.074
39997329.9,116308929.9,397743049.19
39997486.6,116308916.6,397743049.306
39997648.3,116308905.0,397743049.421
39997808.3,116308896.6,397743049.537
39997969.9,116308886.6,397743049.653
39998133.3,116308878.3,397743049.769
39998283.3,116308873.3,397743049.884
39998423.3,116308866.6,397743050.0
39998538.3,116308863.3,397743050.116
39998684.9,116308853.3,397743050.347
39998769.9,116308820.0,397743050.694
39998754.9,116308728.3,397743051.042
39998750.0,116308631.6,397743051.273
39998714.9,116308503.3,397743051.62
39998691.6,116308401.6,397743051.852
39998673.3,116308286.6,397743052.083
39998661.6,116308164.9,397743052.315
39998653.3,116308021.6,397743052.546
39998628.3,116307869.9,397743052.778
39998606.6,116307711.6,397743053.009
39998589.9,116307560.0,397743053.241
39998571.6,116307403.3,397743053.472
39998559.9,116307311.6,397743053.588
39998536.6,116307131.6,397743053.819
39998533.3,116307026.6,397743053.935
39998553.3,116306911.6,397743054.051
39998550.0,116306810.0,397743054.167
39998541.6,116306698.3,397743054.282
39998534.9,116306586.6,397743054.398
39998526.6,116306480.0,397743054.514
39998516.6,116306381.6,397743054.63
39998516.6,116306208.3,397743054.861
39998510.0,116306046.6,397743055.093
39998510.0,116305871.6,397743055.324
39998506.6,116305699.9,397743055.556
39998496.6,116305521.6,397743055.787
39998498.3,116305426.6,397743055.903
39998500.0,116305325.0,397743056.019
39998503.3,116305216.6,397743056.134
39998501.6,116305111.6,397743056.25
39998511.6,116304991.6,397743056.366
39998521.6,116304864.9,397743056.481
39998510.0,116304738.3,397743056.597
39998486.6,116304604.9,397743056.713
39998470.0,116304476.6,397743056.829
39998426.6,116304369.9,397743056.944
39998401.6,116304249.9,397743057.06
39998374.9,116304133.3,397743057.176
39998349.9,116304023.3,397743057.292
39998326.6,116303913.3,397743057.407
39998301.6,116303799.9,397743057.523
39998276.6,116303685.0,397743057.639
39998251.6,116303568.3,397743057.755
39998224.9,116303448.3,397743057.87
39998198.3,116303326.6,397743057.986
39998171.6,116303203.3,397743058.102
39998143.3,116303083.3,397743058.218
39998114.9,116302963.3,397743058.333
39998086.6,116302848.3,397743058.449
39998056.6,116302736.6,397743058.565
39998024.9,116302626.6,397743058.681
39997971.6,116302533.3,397743058.796
39997921.6,116302456.6,397743058.912
39997801.6,116302340.0,397743059.144
39997658.3,116302224.9,397743059.375
39997583.3,116302165.0,397743059.491
39997506.6,116302100.0,397743059.606
39997426.6,116302030.0,397743059.722
39997343.3,116301953.3,397743059.838
39997253.3,116301876.6,397743059.954
39997163.3,116301793.3,397743060.069
39997070.0,116301701.6,397743060.185
39996976.6,116301610.0,397743060.301
39996879.9,116301514.9,397743060.417
39996781.6,116301421.6,397743060.532
39996684.9,116301324.9,397743060.648
39996594.9,116301225.0,397743060.764
39996514.9,116301121.6,397743060.88
39996453.3,116301006.6,397743060.995
39996393.3,116300889.9,397743061.111
39996355.0,116300748.3,397743061.227
39996306.6,116300658.3,397743061.343
39996255.0,116300546.6,397743061.458
39996206.6,116300429.9,397743061.574
39996158.3,116300303.3,397743061.69
39996119.9,116300143.3,397743061.806
39996086.6,116299989.9,397743061.921
39996058.3,116299845.0,397743062.037
39996051.6,116299705.0,397743062.153
39996053.3,116299565.0,397743062.269
39996039.9,116299428.3,397743062.384
39996028.3,116299281.6,397743062.5
39996020.0,116299130.0,397743062.616
39996021.6,116298968.3,397743062.731
39996023.3,116298796.6,397743062.847
39996021.6,116298618.3,397743062.963
39996026.6,116298430.0,397743063.079
39996020.0,116298240.0,397743063.194
39996015.0,116298048.3,397743063.31
39996011.6,116297846.6,397743063.426
39996011.6,116297645.0,397743063.542
39996005.0,116297438.3,397743063.657
39995998.3,116297225.0,397743063.773
39995994.9,116297011.6,397743063.889
39995990.0,116296798.3,397743064.005
39995981.6,116296581.6,397743064.12
39995969.9,116296368.3,397743064.236
39995968.3,116296154.9,397743064.352
39995969.9,116295936.6,397743064.468
39995968.3,116295723.3,397743064.583
39995973.3,116295518.3,397743064.699
39995969.9,116295329.9,397743064.815
39995968.3,116295146.6,397743064.931
39995961.6,116294998.3,397743065.046
39995961.6,116294873.3,397743065.162
39995983.3,116294748.3,397743065.278
39996011.6,116294639.9,397743065.394
39996026.6,116294546.6,397743065.509
39996028.3,116294426.6,397743065.741
39996031.6,116294253.3,397743065.972
39996030.0,116294074.9,397743066.204
39996026.6,116293974.9,397743066.319
39996020.0,116293869.9,397743066.435
39996015.0,116293758.3,397743066.551
39996013.3,116293643.3,397743066.667
39996013.3,116293519.9,397743066.782
39996006.6,116293393.3,397743066.898
39996000.0,116293263.3,397743067.014
39995991.6,116293131.6,397743067.13
39995981.6,116292994.9,397743067.245
39995983.3,116292854.9,397743067.361
39995978.3,116292724.9,397743067.477
39995975.0,116292601.6,397743067.593
39995964.9,116292488.3,397743067.708
39995953.3,116292379.9,397743067.824
39995941.6,116292266.6,397743067.94
39995935.0,116292151.6,397743068.056
39995916.6,116292048.3,397743068.171
39995918.3,116291936.6,397743068.287
39995918.3,116291831.6,397743068.403
39995918.3,116291729.9,397743068.519
39995901.6,116291629.9,397743068.634
39995899.9,116291516.6,397743068.75
39995893.3,116291406.6,397743068.866
39995884.9,116291298.3,397743068.981
39995868.3,116291194.9,397743069.097
39995856.6,116291086.6,397743069.213
39995836.6,116290984.9,397743069.329
39995824.9,116290879.9,397743069.444
39995818.3,116290768.3,397743069.56
39995809.9,116290654.9,397743069.676
39995799.9,116290548.3,397743069.792
39995799.9,116290435.0,397743069.907
39995795.0,116290336.6,397743070.023
39995791.6,116290234.9,397743070.139
39995788.3,116290129.9,397743070.255
39995786.6,116290019.9,397743070.37
39995781.6,116289910.0,397743070.486
39995773.3,116289806.6,397743070.602
39995766.6,116289701.6,397743070.718
39995761.6,116289606.6,397743070.833
39995759.9,116289449.9,397743071.065
39995776.6,116289353.3,397743071.412
39995678.3,116289348.3,397743072.106
39995653.3,116289226.6,397743074.884
39995638.3,116289098.3,397743075.116
39995606.6,116288954.9,397743075.347
39995573.3,116288784.9,397743075.579
39995589.9,116288663.3,397743075.694
39995603.3,116288566.6,397743075.81
39995629.9,116288461.6,397743075.926
39995651.6,116288363.3,397743076.042
39995688.3,116288235.0,397743076.157
39995720.0,116288118.3,397743076.273
39995761.6,116287994.9,397743076.389
39995806.6,116287868.3,397743076.505
39995860.0,116287734.9,397743076.62
39995916.6,116287603.3,397743076.736
39995971.6,116287468.3,397743076.852
39996033.3,116287331.6,397743076.968
39996083.3,116287193.3,397743077.083
39996130.0,116287050.0,397743077.199
39996188.3,116286901.6,397743077.315
39996264.9,116286728.3,397743077.431
39996328.3,116286564.9,397743077.546
39996393.3,116286401.6,397743077.662
39996458.3,116286239.9,397743077.778
39996521.6,116286081.6,397743077.894
39996588.3,116285921.6,397743078.009
39996654.9,116285763.3,397743078.125
39996728.3,116285601.6,397743078.241
39996791.6,116285440.0,397743078.356
39996855.0,116285276.6,397743078.472
39996911.6,116285113.3,397743078.588
39996973.3,116284948.3,397743078.704
39997038.3,116284778.3,397743078.819
39997098.3,116284609.9,397743078.935
39997161.6,116284443.3,397743079.051
39997223.3,116284283.3,397743079.167
39997269.9,116284135.0,397743079.282
39997308.3,116284024.9,397743079.398
39997345.0,116283933.3,397743079.514
39997430.0,116283820.0,397743079.861
39997486.6,116283703.3,397743080.093
39997509.9,116283606.6,397743080.208
39997543.3,116283521.6,397743080.324
39997576.6,116283436.6,397743080.44
39997619.9,116283348.3,397743080.556
39997679.9,116283261.6,397743080.671
39997736.6,116283179.9,397743080.787
39997811.6,116283121.6,397743080.903
39997898.3,116283089.9,397743081.019
39998066.6,116283113.3,397743081.25
39998164.9,116283121.6,397743081.366
39998275.0,116283116.6,397743081.481
39998391.6,116283106.6,397743081.597
39998508.3,116283094.9,397743081.713
39998628.3,116283078.3,397743081.829
39998758.3,116283063.3,397743081.944
39998868.3,116283056.6,397743082.06
39998996.6,116283043.3,397743082.176
39999130.0,116283031.6,397743082.292
39999265.0,116283015.0,397743082.407
39999399.9,116283000.0,397743082.523
39999535.0,116282988.3,397743082.639
39999673.3,116282973.3,397743082.755
39999791.6,116282965.0,397743082.87
39999903.3,116282951.6,397743082.986
40000006.6,116282941.6,397743083.102
40000108.3,116282926.6,397743083.218
40000198.3,116282913.3,397743083.333
40000339.9,116282903.3,397743083.565
40000443.3,116282878.3,397743083.796
40000318.3,116282678.3,397743089.815
40000439.9,116282778.3,397743093.866
40000531.6,116282784.9,397743094.792
40000638.3,116282738.3,397743095.255
40000716.6,116282683.3,397743095.486
40000788.3,116282593.3,397743095.718
40000849.9,116282479.9,397743095.949
40000886.6,116282329.9,397743096.181
40000863.3,116282158.3,397743096.412
40000806.6,116282016.6,397743096.528
40000779.9,116281904.9,397743096.644
40000756.6,116281791.6,397743096.759
40000734.9,116281676.6,397743096.875
40000711.6,116281561.6,397743096.991
40000691.6,116281445.0,397743097.106
40000669.9,116281328.3,397743097.222
40000649.9,116281204.9,397743097.338
40000626.6,116281081.6,397743097.454
40000606.6,116280943.3,397743097.569
40000579.9,116280809.9,397743097.685
40000558.3,116280669.9,397743097.801
40000533.3,116280528.3,397743097.917
40000516.6,116280386.6,397743098.032
40000496.6,116280246.6,397743098.148
40000483.3,116280101.6,397743098.264
40000468.3,116279953.3,397743098.38
40000461.6,116279791.6,397743098.495
40000449.9,116279628.3,397743098.611
40000443.3,116279463.3,397743098.727
40000438.3,116279296.6,397743098.843
40000436.6,116279129.9,397743098.958
40000429.9,116278959.9,397743099.074
40000423.3,116278790.0,397743099.19
40000416.6,116278616.6,397743099.306
40000401.6,116278440.0,397743099.421
40000408.3,116278283.3,397743099.537
40000411.6,116278129.9,397743099.653
40000406.6,116277983.3,397743099.769
40000381.6,116277823.3,397743099.884
40000373.3,116277694.9,397743100.0
40000376.6,116277573.3,397743100.116
40000383.3,116277446.6,397743100.231
40000393.3,116277336.6,397743100.347
40000396.6,116277229.9,397743100.463
40000404.9,116277126.6,397743100.579
40000403.3,116277033.3,397743100.694
40000416.6,116276941.6,397743100.81
40000391.6,116276846.6,397743100.926
40000429.9,116276759.9,397743101.389
40000458.3,116276673.3,397743107.523
40000466.6,116276576.6,397743108.102
40000418.3,116276498.3,397743110.417
40000328.3,116276521.6,397743110.648
40000226.6,116276543.3,397743110.88
40000134.9,116276555.0,397743111.111
40000044.9,116276536.6,397743111.574
39999976.6,116276468.3,397743112.731
39999878.3,116276401.6,397743115.509
39999789.9,116276349.9,397743116.435
39999718.3,116276406.6,397743120.023
39999624.9,116276391.6,397743120.833
39999526.6,116276351.6,397743121.528
39999423.3,116276365.0,397743122.569
39999329.9,116276380.0,397743123.38
39999228.3,116276368.3,397743126.273
39999126.6,116276381.6,397743126.968
39999026.6,116276388.3,397743127.431
39998956.6,116276448.3,397743127.894
39998911.6,116276528.3,397743128.704
39998811.6,116276538.3,397743129.514
39998751.6,116276466.6,397743130.324
39998663.3,116276411.6,397743131.019
39998541.6,116276423.3,397743131.713
39998558.3,116276514.9,397743132.292
39998443.3,116276536.6,397743133.449
39998373.3,116276606.6,397743134.838
39998286.6,116276646.6,397743135.764
39998205.0,116276608.3,397743156.25
39998133.3,116276681.6,397743157.407
39998060.0,116276788.3,397743157.755
39997984.9,116276868.3,397743158.102
39997901.6,116276923.3,397743158.796
39997806.6,116276948.3,397743159.491
39997703.3,116276966.6,397743161.458
39997604.9,116276968.3,397743162.153
39997518.3,116276936.6,397743163.194
39997411.6,116276886.6,397743164.236
39997365.0,116276789.9,397743164.699
39997351.6,116276691.6,397743168.519
39997326.6,116276590.0,397743169.56
39997301.6,116276494.9,397743170.255
39997290.0,116276393.3,397743170.949
39997251.6,116276296.6,397743171.644
39997246.6,116276198.3,397743172.338
39997236.6,116276104.9,397743173.032
39997211.6,116276016.6,397743173.843
39997203.3,116275911.6,397743174.537
39997189.9,116275819.9,397743175.347
39997153.3,116275729.9,397743176.389
39997071.6,116275676.6,397743177.431
39996988.3,116275621.6,397743178.472
39996893.3,116275623.3,397743179.282
39996811.6,116275560.0,397743180.208
39996836.6,116275466.6,397743180.787
39996863.3,116275378.3,397743181.597
39996816.6,116275291.6,397743182.523
39996794.9,116275643.3,397743185.185
39996790.0,116275545.0,397743185.532
39996775.0,116275448.3,397743185.88
39996763.3,116275339.9,397743186.227
39996726.6,116275243.3,397743186.69
39996706.6,116275146.6,397743187.037
39996671.6,116275063.3,397743187.5
39996654.9,116274973.3,397743188.773
39996675.0,116274878.3,397743189.236
39996645.0,116274793.3,397743193.403
39996643.3,116274699.9,397743196.759
39996560.0,116274576.6,397743213.426
39996593.3,116274456.6,397743214.12
39996605.0,116274363.3,397743214.352
39996621.6,116274266.6,397743214.699
39996678.3,116274189.9,397743222.569
39996708.3,116274103.3,397743223.38
39996728.3,116274009.9,397743224.19
39996769.9,116273924.9,397743224.884
39996801.6,116273838.3,397743225.463
39996856.6,116273753.3,397743226.389
39996858.3,116273663.3,397743227.083
39996873.3,116273571.6,397743228.819
39996886.6,116273479.9,397743229.63
39996878.3,116273386.6,397743230.44
39996933.3,116273281.6,397743233.102
39997015.0,116273238.3,397743233.912
39997080.0,116273173.3,397743235.069
39997140.0,116273248.3,397743235.648
39997231.6,116273275.0,397743236.343
39997316.6,116273224.9,397743237.269
39997336.6,116273135.0,397743238.079
39997324.9,116273036.6,397743238.889
39997329.9,116272941.6,397743239.583
39997333.3,116272851.6,397743240.625
39997321.6,116272758.3,397743241.782
39997360.0,116272648.3,397743247.338
39997443.3,116272596.6,397743248.148
39997534.9,116272583.3,397743248.958
39997611.6,116272633.3,397743249.884
39997646.6,116272721.6,397743253.935
39997626.6,116272616.6,397743254.977
39997708.3,116272666.6,397743256.713
39997626.6,116272623.3,397743258.681
39997511.6,116272676.6,397743260.417
39997421.6,116272643.3,397743262.037
39997335.0,116272519.9,397743267.477
39997201.6,116272496.6,397743275.81
39997155.0,116272591.6,397743276.968
39997165.0,116272688.3,397743277.662
39997178.3,116272778.3,397743278.241
39997155.0,116272879.9,397743279.051
39997089.9,116272956.6,397743282.176
39997023.3,116273024.9,397743282.87
39996923.3,116273016.6,397743283.796
39996831.6,116272981.6,397743284.954
39996833.3,116272883.3,397743285.764
39996741.6,116272914.9,397743287.153
39996653.3,116272940.0,397743290.509
39996568.3,116272989.9,397743291.435
39996483.3,116273033.3,397743292.361
39996395.0,116273068.3,397743298.727
39996326.6,116273144.9,397743299.421
39996256.6,116273226.6,397743300.694
39996206.6,116273304.9,397743301.389
39996206.6,116273401.6,397743301.968
39996225.0,116273493.3,397743302.546
39996403.3,116273308.3,397743308.565
39996493.3,116273284.9,397743311.69
39996546.6,116273205.0,397743312.847
39996608.3,116273138.3,397743313.542
39996671.6,116273214.9,397743320.139
39996716.6,116273306.6,397743326.852
39996794.9,116273258.3,397743327.778
39996881.6,116273213.3,397743328.704
39996978.3,116273188.3,397743330.208
39996886.6,116273223.3,397743353.588
39996783.3,116273249.9,397743354.167
39996713.3,116273321.6,397743354.861
39996708.3,116273211.6,397743355.556
39996696.6,116273118.3,397743356.134
39996616.6,116273061.6,397743357.176
39996550.0,116273126.6,397743359.722
39996456.6,116273168.3,397743361.227
39996435.0,116273256.6,397743362.153
39996371.6,116273321.6,397743363.194
39996295.0,116273371.6,397743364.12
39996215.0,116273299.9,397743365.278
39996119.9,116273301.6,397743366.088
39996054.9,116273373.3,397743367.13
39995966.6,116273393.3,397743372.222
39995950.0,116273291.6,397743373.264
39995933.3,116273389.9,397743382.523
39995903.3,116273478.3,397743383.102
39995848.3,116273563.3,397743383.565
39995763.3,116273606.6,397743384.722
39995716.6,116273686.6,397743385.417
39995671.6,116273769.9,397743386.806
39995665.0,116273859.9,397743387.616
39995556.6,116273874.9,397743396.759
39995468.3,116273894.9,397743397.454
39995379.9,116273934.9,397743398.38
39995290.0,116273948.3,397743400.231
39995203.3,116273878.3,397743400.926
39995099.9,116273966.6,397743401.968
39995018.3,116274009.9,397743403.125
39994971.6,116274098.3,397743403.935
39994913.3,116274171.6,397743404.977
39994825.0,116274143.3,397743406.134
39994734.9,116274165.0,397743409.722
39994658.3,116274218.3,397743410.532
39994579.9,116274263.3,397743415.046
39994490.0,116274291.6,397743416.319
39994401.6,116274341.6,397743417.245
39994314.9,116274303.3,397743418.287
39994220.0,116274323.3,397743419.329
39994133.3,116274293.3,397743420.139
39994041.6,116274281.6,397743421.412
39993953.3,116274253.3,397743422.222
39993856.6,116274283.3,397743430.324
39993778.3,116274329.9,397743431.25
39993683.3,116274306.6,397743432.755
39993586.6,116274338.3,397743433.912
39993496.6,116274326.6,397743434.722
39993399.9,116274311.6,397743435.764
39993301.6,116274314.9,397743436.806
39993211.6,116274328.3,397743444.907
39993141.6,116274404.9,397743445.718
39993048.3,116274413.3,397743447.338
39992943.3,116274468.3,397743480.787
39992865.0,116274513.3,397743481.134
39992773.3,116274526.6,397743482.06
39992681.6,116274536.6,397743483.681
39992596.6,116274506.6,397743484.838
39992506.6,116274503.3,397743485.764
39992411.6,116274480.0,397743486.806
39992321.6,116274488.3,397743487.5
39992224.9,116274463.3,397743489.352
39992135.0,116274456.6,397743490.278
39992113.3,116274358.3,397743491.782
39992018.3,116274363.3,397743507.407
39991921.6,116274353.3,397743508.218
39991841.6,116274396.6,397743508.912
39991756.6,116274358.3,397743509.838
39991663.3,116274321.6,397743510.995
39991569.9,116274274.9,397743511.921
39991468.3,116274241.6,397743513.426
39991378.3,116274226.6,397743514.699
39991288.3,116274229.9,397743515.741
39991198.3,116274231.6,397743518.634
39991178.3,116274331.6,397743519.907
39991068.3,116274299.9,397743520.833
39990978.3,116274271.6,397743521.875
39990903.3,116274213.3,397743525.116
39990811.6,116274208.3,397743529.167
39990721.6,116274188.3,397743529.977
39990648.3,116274134.9,397743530.671
39990605.0,116274044.9,397743533.218
39990501.6,116274048.3,397743534.144
39990403.3,116274023.3,397743535.069
39990319.9,116273978.3,397743535.532
39990248.3,116273923.3,397743537.616
39990170.0,116273853.3,397743538.426
39990083.3,116273819.9,397743539.236
39990003.3,116273774.9,397743540.856
39989910.0,116273751.6,397743543.287
39989811.6,116273739.9,397743544.213
39989726.6,116273704.9,397743545.37
39989640.0,116273734.9,397743546.181
39989551.6,116273695.0,397743546.875
39989466.6,116273663.3,397743547.917
39989424.9,116273576.6,397743549.537
39989393.3,116273486.6,397743550.347
39989393.3,116273389.9,397743551.273
39989423.3,116273301.6,397743551.852
39989438.3,116273205.0,397743552.662
39989479.9,116273339.9,397743556.481
39989438.3,116273443.3,397743557.176
39989348.3,116273473.3,397743557.523
39989345.0,116273383.3,397743557.986
39989336.6,116273248.3,397743558.333
39989339.9,116273139.9,397743558.796
39989333.3,116273043.3,397743559.375
39989278.3,116272963.3,397743561.574
39989250.0,116272853.3,397743562.384
39989243.3,116272751.6,397743563.31
39989243.3,116272659.9,397743564.12
39989243.3,116272566.6,397743564.931
39989241.6,116272463.3,397743566.088
39989263.3,116272369.9,397743567.014
39989269.9,116272278.3,397743567.94
39989266.6,116272181.6,397743568.981
39989303.3,116272091.6,397743573.611
39989338.3,116271996.6,397743575.579
39989368.3,116271903.3,397743576.736
39989394.9,116271796.6,397743578.241
39989419.9,116271699.9,397743579.398
39989448.3,116271608.3,397743580.44
39989439.9,116271516.6,397743581.481
39989476.6,116271423.3,397743595.833
39989545.0,116271361.6,397743598.495
39989534.9,116271259.9,397743602.199
39989556.6,116271168.3,397743605.903
39989583.3,116271075.0,397743606.597
39989606.6,116270974.9,397743607.292
39989658.3,116270898.3,397743609.259
39989689.9,116270808.3,397743610.069
39989706.6,116270718.3,397743610.648
39989766.6,116270649.9,397743612.037
39989774.9,116270550.0,397743612.963
39989818.3,116270465.0,397743614.005
39989823.3,116270363.3,397743614.815
39989829.9,116270264.9,397743615.394
39989884.9,116270176.6,397743617.593
39989971.6,116270201.6,397743619.097
39990061.6,116270181.6,397743619.792
39990151.6,116270193.3,397743620.833
39990058.3,116270239.9,397743622.338
39989966.6,116270223.3,397743623.032
39989869.9,116270193.3,397743624.537
39989810.0,116270261.6,397743625.116
39989776.6,116270353.3,397743625.81
39989796.6,116270445.0,397743626.62
39989816.6,116270550.0,397743627.315
39989780.0,116270644.9,397743628.356
39989710.0,116270714.9,397743629.282
39989698.3,116270808.3,397743632.986
39989698.3,116270903.3,397743634.144
39989664.9,116270988.3,397743637.847
39989631.6,116271078.3,397743638.889
39989613.3,116271176.6,397743639.815
39989591.6,116271279.9,397743640.741
39989558.3,116271371.6,397743641.667
39989508.3,116271451.6,397743642.708
39989473.3,116271536.6,397743643.519
39989448.3,116271629.9,397743645.718
39989421.6,116271721.6,397743646.644
39989396.6,116271811.6,397743648.032
39989383.3,116271901.6,397743653.819
39989351.6,116271996.6,397743654.514
39989328.3,116272089.9,397743655.208
39989299.9,116272190.0,397743656.019
39989256.6,116272284.9,397743656.944
39989238.3,116272378.3,397743657.523
39989216.6,116272466.6,397743657.986
39989236.6,116272554.9,397743659.028
39989248.3,116272646.6,397743659.838
39989246.6,116272746.6,397743660.532
39989248.3,116272838.3,397743661.227
39989253.3,116272946.6,397743662.037
39989246.6,116273049.9,397743662.847
39989258.3,116273139.9,397743663.426
39989291.6,116273224.9,397743664.12
39989331.6,116273308.3,397743664.931
39989378.3,116273399.9,397743665.972
39989413.3,116273489.9,397743666.667
39989416.6,116273591.6,397743667.361
39989485.0,116273653.3,397743668.287
39989574.9,116273693.3,397743669.676
39989664.9,116273696.6,397743670.833
39989761.6,116273671.6,397743671.875
39989856.6,116273696.6,397743672.569
39989923.3,116273763.3,397743673.843
39990038.3,116273793.3,397743674.769
39990131.6,116273813.3,397743675.926
39990224.9,116273836.6,397743677.199
39990311.6,116273888.3,397743678.241
39990380.0,116273966.6,397743679.282
39990478.3,116274006.6,397743679.977
39990556.6,116274073.3,397743680.903
39990651.6,116274116.6,397743681.713
39990761.6,116274171.6,397743682.639
39990818.3,116274248.3,397743684.144
39990913.3,116274274.9,397743684.954
39990998.3,116274316.6,397743685.532
39991095.0,116274331.6,397743686.574
39991188.3,116274316.6,397743687.5
39991281.6,116274320.0,397743688.426
39991386.6,116274318.3,397743689.815
39991483.3,116274323.3,397743690.856
39991583.3,116274349.9,397743691.898
39991673.3,116274361.6,397743692.593
39991763.3,116274393.3,397743693.981
39991853.3,116274410.0,397743694.792
39991934.9,116274448.3,397743696.181
39992026.6,116274433.3,397743696.644
39992116.6,116274464.9,397743697.685
39992216.6,116274478.3,397743699.421
39992309.9,116274480.0,397743700.231
39992386.6,116274528.3,397743701.157
39992493.3,116274521.6,397743701.968
39992596.6,116274515.0,397743703.125
39992686.6,116274489.9,397743703.935
39992786.6,116274501.6,397743705.093
39992880.0,116274515.0,397743706.019
39992968.3,116274466.6,397743706.713
39993064.9,116274488.3,397743707.755
39993155.0,116274484.9,397743708.681
39993236.6,116274445.0,397743709.606
39993321.6,116274403.3,397743710.648
39993408.3,116274359.9,397743711.806
39993495.0,116274318.3,397743712.847
39993584.9,116274348.3,397743713.426
39993675.0,116274341.6,397743714.352
39993771.6,116274328.3,397743715.162
39993864.9,116274355.0,397743716.551
39993956.6,116274378.3,397743717.593
39994048.3,116274378.3,397743718.634
39994138.3,116274379.9,397743719.444
39994231.6,116274336.6,397743721.412
39994320.0,116274313.3,397743722.338
39994413.3,116274296.6,397743723.264
39994545.0,116274293.3,397743724.653
39994646.6,116274318.3,397743725.463
39994715.0,116274254.9,397743726.62
39994779.9,116274178.3,397743727.431
39994859.9,116274134.9,397743728.241
39994940.0,116274091.6,397743728.935
39995018.3,116274046.6,397743729.977
39995101.6,116274005.0,397743730.903
39995205.0,116273974.9,397743731.829
39995300.0,116273973.3,397743733.102
39995401.6,116273994.9,397743734.491
39995470.0,116273926.6,397743735.301
39995561.6,116273881.6,397743735.995
39995648.3,116273850.0,397743736.69
39995743.3,116273828.3,397743737.963
39995784.9,116273733.3,397743738.773
39995839.9,116273653.3,397743739.583
39995899.9,116273570.0,397743741.667
39995960.0,116273493.3,397743742.477
39995990.0,116273408.3,397743742.94
39996038.3,116273328.3,397743744.329
39996128.3,116273299.9,397743745.833
39996213.3,116273264.9,397743746.759
39996283.3,116273199.9,397743747.917
39996303.3,116273096.6,397743748.495
39996326.6,116273006.6,397743748.958
39996384.9,116272926.6,397743749.884
39996478.3,116272899.9,397743751.157
39996541.6,116272976.6,397743753.704
39996645.0,116272978.3,397743755.324
39996716.6,116272909.9,397743757.176
39996786.6,116272849.9,397743757.986
39996809.9,116272948.3,397743758.565
39996908.3,116272975.0,397743759.838
39996979.9,116272911.6,397743760.532
39997058.3,116272858.3,397743761.69
39997098.3,116272773.3,397743765.278
39997104.9,116272665.0,397743765.741
39997108.3,116272569.9,397743766.435
39997046.6,116272490.0,397743769.097
39997058.3,116272394.9,397743769.792
39997026.6,116272299.9,397743770.37
39997081.6,116272226.6,397743771.181
39997081.6,116272136.6,397743772.338
39997101.6,116272046.6,397743773.148
39997113.3,116271956.6,397743774.19
39997081.6,116271871.6,397743775.0
39997171.6,116271825.0,397743775.926
39997186.6,116271731.6,397743776.62
39997229.9,116271581.6,397743781.481
39997211.6,116271481.6,397743782.176
39997176.6,116271394.9,397743782.986
39997135.0,116271303.3,397743784.144
39997133.3,116271213.3,397743784.491
39997121.6,116271123.3,397743788.657
39997131.6,116271009.9,397743794.56
39997133.3,116270913.3,397743795.023
39997114.9,116270801.6,397743795.718
39997101.6,116270708.3,397743796.065
39997058.3,116270624.9,397743796.644
39997051.6,116270528.3,397743797.338
39997053.3,116270436.6,397743798.032
39997041.6,116270338.3,397743798.843
39997029.9,116270201.6,397743800.579
39996981.6,116270298.3,397743803.356
39997023.3,116270388.3,397743804.282
39997049.9,116270474.9,397743805.324
39997021.6,116270596.6,397743806.481
39997025.0,116270721.6,397743807.292
39997033.3,116270811.6,397743808.333
39997065.0,116270900.0,397743809.259
39997081.6,116270993.3,397743810.069
39997093.3,116271086.6,397743811.227
39997104.9,116271189.9,397743812.384
39997110.0,116271281.6,397743813.079
39997083.3,116271388.3,397743813.889
39997118.3,116271484.9,397743814.815
39997111.6,116271581.6,397743815.741
39997114.9,116271676.6,397743816.782
39997146.6,116271769.9,397743817.708
39997166.6,116271866.6,397743818.75
39997225.0,116271948.3,397743820.023
39997266.6,116272043.3,397743820.718
39997278.3,116272138.3,397743821.528
39997256.6,116272234.9,397743822.685
39997275.0,116272336.6,397743823.611
39997290.0,116272429.9,397743824.769
39997290.0,116272526.6,397743825.81
39997286.6,116272628.3,397743826.968
39997284.9,116272719.9,397743827.894
39997316.6,116272811.6,397743829.167
39997321.6,116272903.3,397743830.208
39997326.6,116272999.9,397743831.25
39997308.3,116273098.3,397743832.292
39997303.3,116273194.9,397743833.102
39997296.6,116273286.6,397743833.796
39997241.6,116273364.9,397743834.722
39997153.3,116273415.0,397743836.111
39997068.3,116273446.6,397743837.384
39996979.9,116273409.9,397743838.194
39996891.6,116273428.3,397743839.468
39996838.3,116273516.6,397743840.162
39996766.6,116273573.3,397743841.667
39996673.3,116273581.6,397743843.287
39996779.9,116273586.6,397743866.782
39996788.3,116273679.9,397743867.361
39996793.3,116273780.0,397743868.287
39996776.6,116273869.9,397743869.097
39996756.6,116273973.3,397743870.139
39996743.3,116274076.6,397743870.833
39996745.0,116274171.6,397743871.644
39996708.3,116274266.6,397743872.685
39996621.6,116274294.9,397743873.727
39996563.3,116274371.6,397743874.884
39996536.6,116274471.6,397743876.968
39996541.6,116274568.3,397743877.431
39996565.0,116274658.3,397743878.125
39996565.0,116274749.9,397743878.935
39996591.6,116274843.3,397743879.745
39996586.6,116274939.9,397743880.556
39996513.3,116275013.3,397743881.597
39996463.3,116275096.6,397743882.523
39996478.3,116275188.3,397743883.218
39996499.9,116275276.6,397743883.912
39996523.3,116275368.3,397743884.606
39996505.0,116275463.3,397743885.185
39996501.6,116275553.3,397743886.458
39996529.9,116275643.3,397743899.074
39996541.6,116275746.6,397743899.769
39996484.9,116275819.9,397743900.694
39996426.6,116275895.0,397743901.389
39996340.0,116275933.3,397743902.083
39996319.9,116276021.6,397743902.894
39996319.9,116276114.9,397743903.356
39996291.6,116276203.3,397743904.63
39996281.6,116276299.9,397743905.671
39996319.9,116276384.9,397743906.134
39996365.0,116276491.6,397743906.597
39996374.9,116276588.3,397743906.944
39996403.3,116276691.6,397743907.407
39996444.9,116276811.6,397743921.412
39996425.0,116276906.6,397743921.991
39996403.3,116277013.3,397743923.032
39996408.3,116277116.6,397743923.727
39996459.9,116277194.9,397743924.19
39996551.6,116277271.6,397743924.653
39996624.9,116277360.0,397743925.0
39996703.3,116277465.0,397743925.347
39996758.3,116277536.6,397743925.579
39996806.6,116277655.0,397743925.926
39996831.6,116277753.3,397743926.157
39996848.3,116277848.3,397743926.389
39996883.3,116277973.3,397743926.736
39996936.6,116278093.3,397743927.083
39996964.9,116278189.9,397743927.315
39996991.6,116278303.3,397743927.546
39997026.6,116278426.6,397743927.778
39997040.0,116278548.3,397743928.009
39997055.0,116278666.6,397743928.241
39997063.3,116278778.3,397743928.472
39997061.6,116278903.3,397743928.704
39997068.3,116279028.3,397743928.935
39997076.6,116279164.9,397743929.167
39997085.0,116279296.6,397743929.398
39997096.6,116279424.9,397743929.63
39997104.9,116279560.0,397743929.861
39997106.6,116279709.9,397743930.093
39997110.0,116279858.3,397743930.324
39997111.6,116280008.3,397743930.556
39997116.6,116280158.3,397743930.787
39997146.6,116280308.3,397743931.019
39997165.0,116280444.9,397743931.25
39997173.3,116280596.6,397743931.481
39997198.3,116280738.3,397743931.713
39997218.3,116280879.9,397743931.944
39997228.3,116280998.3,397743932.176
39997244.9,116281116.6,397743932.407
39997268.3,116281241.6,397743932.639
39997281.6,116281391.6,397743932.87
39997301.6,116281544.9,397743933.102
39997314.9,116281698.3,397743933.333
39997309.9,116281858.3,397743933.565
39997299.9,116282016.6,397743933.796
39997321.6,116282161.6,397743934.028
39997333.3,116282315.0,397743934.259
39997365.0,116282441.6,397743934.491
39997391.6,116282568.3,397743934.722
39997408.3,116282685.0,397743934.954
39997424.9,116282791.6,397743935.185
39997439.9,116282883.3,397743935.417
39997454.9,116282988.3,397743935.88
39997466.6,116283078.3,397743936.227
39997483.3,116283213.3,397743936.574
39997524.9,116283313.3,397743936.806
39997546.6,116283429.9,397743937.037
39997561.6,116283548.3,397743937.269
39997568.3,116283664.9,397743937.5
39997553.3,116283791.6,397743937.731
39997528.3,116283934.9,397743937.963
39997490.0,116284056.6,397743938.194
39997454.9,116284194.9,397743938.426
39997403.3,116284341.6,397743938.657
39997354.9,116284488.3,397743938.889
39997299.9,116284620.0,397743939.12
39997239.9,116284749.9,397743939.352
39997174.9,116284866.6,397743939.583
39997104.9,116284984.9,397743939.815
39997043.3,116285110.0,397743940.046
39996989.9,116285250.0,397743940.278
39996923.3,116285375.0,397743940.509
39996855.0,116285496.6,397743940.741
39996796.6,116285626.6,397743940.972
39996745.0,116285755.0,397743941.204
39996694.9,116285878.3,397743941.435
39996643.3,116285988.3,397743941.667
39996593.3,116286094.9,397743941.898
39996546.6,116286189.9,397743942.13
39996478.3,116286273.3,397743942.477
39996438.3,116286370.0,397743943.056
39996398.3,116286474.9,397743944.676
39996344.9,116286575.0,397743945.139
39996306.6,116286669.9,397743945.602
39996296.6,116286759.9,397743947.222
39996255.0,116286851.6,397743951.505
39996244.9,116286951.6,397743951.968
39996225.0,116287083.3,397743952.315
39996206.6,116287179.9,397743952.546
39996174.9,116287278.3,397743952.778
39996136.6,116287373.3,397743953.009
39996096.6,116287476.6,397743953.241
39996053.3,116287576.6,397743953.472
39996011.6,116287675.0,397743953.704
39995976.6,116287774.9,397743953.935
39995945.0,116287868.3,397743954.167
39995913.3,116287953.3,397743954.398
39995875.0,116288039.9,397743954.745
39995820.0,116288151.6,397743961.111
39995780.0,116288233.3,397743961.343
39995733.3,116288338.3,397743961.574
39995689.9,116288453.3,397743961.806
39995644.9,116288574.9,397743962.037
39995604.9,116288699.9,397743962.269
39995576.6,116288824.9,397743962.5
39995553.3,116288936.6,397743962.731
39995574.9,116289031.6,397743962.963
39995603.3,116289173.3,397743963.194
39995616.6,116289266.6,397743963.31
39995635.0,116289406.6,397743963.542
39995656.6,116289530.0,397743963.773
39995676.6,116289648.3,397743964.005
39995699.9,116289761.6,397743964.236
39995725.0,116289883.3,397743964.468
39995763.3,116290021.6,397743964.699
39995783.3,116290159.9,397743964.931
39995798.3,116290299.9,397743965.162
39995813.3,116290448.3,397743965.394
39995835.0,116290583.3,397743965.625
39995851.6,116290733.3,397743965.856
39995860.0,116290884.9,397743966.088
39995869.9,116291048.3,397743966.319
39995860.0,116291206.6,397743966.551
39995848.3,116291358.3,397743966.782
39995888.3,116291513.3,397743967.014
39995926.6,116291606.6,397743967.13
39995930.0,116291699.9,397743967.245
39995935.0,116291793.3,397743967.361
39995936.6,116291885.0,397743967.477
39995938.3,116291979.9,397743967.593
39995941.6,116292158.3,397743967.824
39995958.3,116292248.3,397743967.94
39995981.6,116292425.0,397743968.171
39996001.6,116292594.9,397743968.403
39996018.3,116292761.6,397743968.634
39996031.6,116292930.0,397743968.866
39996041.6,116293101.6,397743969.097
39996054.9,116293269.9,397743969.329
39996073.3,116293434.9,397743969.56
39996081.6,116293598.3,397743969.792
39996079.9,116293766.6,397743970.023
39996083.3,116293936.6,397743970.255
39996085.0,116294109.9,397743970.486
39996086.6,116294284.9,397743970.718
39996081.6,116294374.9,397743970.833
39996081.6,116294464.9,397743970.949
39996079.9,116294639.9,397743971.181
39996078.3,116294809.9,397743971.412
39996078.3,116294971.6,397743971.644
39996079.9,116295131.6,397743971.875
39996083.3,116295291.6,397743972.106
39996086.6,116295451.6,397743972.338
39996086.6,116295621.6,397743972.569
39996086.6,116295796.6,397743972.801
39996096.6,116295959.9,397743973.032
39996108.3,116296126.6,397743973.264
39996116.6,116296301.6,397743973.495
39996128.3,116296476.6,397743973.727
39996146.6,116296643.3,397743973.958
39996166.6,116296801.6,397743974.19
39996183.3,116296961.6,397743974.421
39996188.3,116297053.3,397743974.537
39996216.6,116297225.0,397743974.769
39996234.9,116297401.6,397743975.0
39996256.6,116297575.0,397743975.231
39996286.6,116297731.6,397743975.463
39996311.6,116297898.3,397743975.694
39996351.6,116298059.9,397743975.926
39996380.0,116298203.3,397743976.157
39996381.6,116298316.6,397743976.389
39996365.0,116298415.0,397743976.62
39996358.3,116298511.6,397743976.852
39996333.3,116298651.6,397743977.083
39996344.9,116298800.0,397743977.315
39996371.6,116298946.6,397743977.546
39996395.0,116299110.0,397743977.778
39996395.0,116299208.3,397743977.894
39996388.3,116299313.3,397743978.009
39996388.3,116299416.6,397743978.125
39996383.3,116299519.9,397743978.241
39996388.3,116299618.3,397743978.356
39996393.3,116299714.9,397743978.472
39996399.9,116299814.9,397743978.588
39996404.9,116299915.0,397743978.704
39996410.0,116300016.6,397743978.819
39996418.3,116300113.3,397743978.935
39996423.3,116300214.9,397743979.051
39996421.6,116300318.3,397743979.167
39996416.6,116300421.6,397743979.282
39996418.3,116300523.3,397743979.398
39996411.6,116300619.9,397743979.514
39996418.3,116300711.6,397743979.63
39996490.0,116300883.3,397743979.861
39996536.6,116301041.6,397743980.093
39996590.0,116301186.6,397743980.324
39996686.6,116301323.3,397743980.556
39996788.3,116301453.3,397743980.787
39996894.9,116301576.6,397743981.019
39997003.3,116301701.6,397743981.25
39997121.6,116301811.6,397743981.481
39997238.3,116301925.0,397743981.713
39997353.3,116302033.3,397743981.944
39997466.6,116302143.3,397743982.176
39997579.9,116302256.6,397743982.407
39997693.3,116302373.3,397743982.639
39997810.0,116302481.6,397743982.87
39997929.9,116302564.9,397743983.102
39998041.6,116302649.9,397743983.333
39998131.6,116302783.3,397743983.565
39998183.3,116302946.6,397743983.796
39998234.9,116303108.3,397743984.028
39998278.3,116303281.6,397743984.259
39998300.0,116303374.9,397743984.375
39998316.6,116303468.3,397743984.491
39998340.0,116303563.3,397743984.606
39998361.6,116303673.3,397743984.722
39998386.6,116303769.9,397743984.838
39998406.6,116303863.3,397743984.954
39998426.6,116303954.9,397743985.069
39998446.6,116304044.9,397743985.185
39998466.6,116304140.0,397743985.301
39998486.6,116304233.3,397743985.417
39998506.6,116304324.9,397743985.532
39998526.6,116304414.9,397743985.648
39998565.0,116304589.9,397743985.88
39998584.9,116304678.3,397743985.995
39998620.0,116304849.9,397743986.227
39998641.6,116305003.3,397743986.458
39998651.6,116305163.3,397743986.69
39998611.6,116305314.9,397743986.921
39998583.3,116305465.0,397743987.153
39998555.0,116305614.9,397743987.384
39998538.3,116305761.6,397743987.616
39998525.0,116305909.9,397743987.847
39998523.3,116306061.6,397743988.079
39998529.9,116306211.6,397743988.31
39998511.6,116306356.6,397743988.542
39998504.9,116306486.6,397743988.773
39998510.0,116306616.6,397743989.005
39998534.9,116306723.3,397743989.236
39998541.6,116306821.6,397743989.468
39998544.9,116306918.3,397743993.056
39998550.0,116307013.3,397743993.403
39998555.0,116307116.6,397743993.634
39998559.9,116307239.9,397743993.866
39998561.6,116307371.6,397743994.097
39998556.6,116307506.6,397743994.329
39998551.6,116307646.6,397743994.56
39998548.3,116307794.9,397743994.792
39998546.6,116307956.6,397743995.023
39998541.6,116308124.9,397743995.255
39998538.3,116308293.3,397743995.486
39998536.6,116308448.3,397743995.718
39998538.3,116308596.6,397743995.949
39998540.0,116308723.3,397743996.181
39998543.3,116308813.3,397743996.412
39998538.3,116308933.3,397743996.759
39998483.3,116309030.0,397743997.222
39998360.0,116309019.9,397743997.569
39998278.3,116308973.3,397743997.801
39998173.3,116308968.3,397743998.032
39998054.9,116308951.6,397743998.264
39997926.6,116308940.0,397743998.495
39997791.6,116308928.3,397743998.727
39997653.3,116308919.9,397743998.958
39997518.3,116308913.3,397743999.19
39997396.6,116308916.6,397743999.421
39997288.3,116308929.9,397743999.653
39997168.3,116308918.3,397744000.0
39997041.6,116308911.6,397744000.347
39996936.6,116308936.6,397744000.694
39996845.0,116308938.3,397744001.62
39996754.9,116308958.3,397744002.662
39996675.0,116309008.3,397744003.472
39996561.6,116308995.0,397744007.407
39996443.3,116308999.9,397744007.755
39996344.9,116309011.6,397744007.986
39996238.3,116309021.6,397744008.218
39996128.3,116309038.3,397744008.449
39996008.3,116309054.9,397744008.681
39995886.6,116309073.3,397744008.912
39995758.3,116309088.3,397744009.144
39995623.3,116309101.6,397744009.375
39995485.0,116309116.6,397744009.606
39995338.3,116309124.9,397744009.838
39995190.0,116309131.6,397744010.069
39995044.9,116309139.9,397744010.301
39994903.3,116309148.3,397744010.532
39994771.6,116309163.3,397744010.764
39994638.3,116309186.6,397744010.995
39994508.3,116309214.9,397744011.227
39994376.6,116309234.9,397744011.458
39994235.0,116309258.3,397744011.69
39994088.3,116309281.6,397744011.921
39993940.0,116309298.3,397744012.153
39993784.9,116309323.3,397744012.384
39993628.3,116309345.0,397744012.616
39993474.9,116309369.9,397744012.847
39993325.0,116309395.0,397744013.079
39993176.6,116309424.9,397744013.31
39993031.6,116309459.9,397744013.542
39992891.6,116309489.9,397744013.773
39992751.6,116309531.6,397744014.005
39992616.6,116309574.9,397744014.236
39992485.0,116309601.6,397744014.468
39992363.3,116309613.3,397744014.699
39992239.9,116309624.9,397744014.931
39992126.6,116309631.6,397744015.162
39992020.0,116309641.6,397744015.394
39991919.9,116309648.3,397744015.625
39991798.3,116309656.6,397744015.972
39991703.3,116309675.0,397744016.435
39991605.0,116309711.6,397744021.991
39991466.6,116309748.3,397744026.042
39991373.3,116309745.0,397744026.62
39991256.6,116309729.9,397744027.083
39991155.0,116309726.6,397744027.546
39991036.6,116309733.3,397744039.699
39990939.9,116309801.6,397744040.046
39990885.0,116309889.9,397744040.394
39990839.9,116310005.0,397744040.625
39990801.6,116310161.6,397744040.856
39990794.9,116310288.3,397744040.972
39990784.9,116310429.9,397744041.088
39990823.3,116310526.6,397744041.204
39990824.9,116310621.6,397744041.319
39990836.6,116310799.9,397744041.551
39990841.6,116310893.3,397744041.667
39990846.6,116310985.0,397744041.782
39990856.6,116311078.3,397744041.898
39990869.9,116311173.3,397744042.014
39990881.6,116311271.6,397744042.13
39990893.3,116311371.6,397744042.245
39990901.6,116311473.3,397744042.361
39990915.0,116311571.6,397744042.477
39990923.3,116311674.9,397744042.593
39990928.3,116311779.9,397744042.708
39990933.3,116311883.3,397744042.824
39990943.3,116311984.9,397744042.94
39990946.6,116312093.3,397744043.056
39990953.3,116312205.0,397744043.171
39990955.0,116312313.3,397744043.287
39990960.0,116312421.6,397744043.403
39990963.3,116312528.3,397744043.519
39990971.6,116312631.6,397744043.634
39990979.9,116312731.6,397744043.75
39990983.3,116312831.6,397744043.866
39990985.0,116312926.6,397744043.981
39990991.6,116313019.9,397744044.097
39991000.0,116313115.0,397744044.213
39991004.9,116313208.3,397744044.329
39991009.9,116313303.3,397744044.444
39991031.6,116313483.3,397744044.676
39991036.6,116313576.6,397744044.792
39991043.3,116313671.6,397744044.907
39991046.6,116313766.6,397744045.023
39991048.3,116313859.9,397744045.139
39991046.6,116314040.0,397744045.37
39991043.3,116314196.6,397744045.602
39991048.3,116314343.3,397744045.833
39991049.9,116314489.9,397744046.065
39991074.9,116314606.6,397744046.296
39991066.6,116314709.9,397744046.644
39991046.6,116314813.3,397744047.222
39991041.6,116314954.9,397744047.685
39991051.6,116315103.3,397744047.917
39991071.6,116315246.6,397744048.148
39991098.3,116315386.6,397744048.38
39991123.3,116315538.3,397744048.611
39991141.6,116315701.6,397744048.843
39991151.6,116315876.6,397744049.074
39991151.6,116315975.0,397744049.19
39991155.0,116316071.6,397744049.306
39991158.3,116316170.0,397744049.421
39991158.3,116316273.3,397744049.537
39991151.6,116316380.0,397744049.653
39991144.9,116316489.9,397744049.769
39991148.3,116316583.3,397744049.884
39991149.9,116316686.6,397744050.0
39991149.9,116316783.3,397744050.116
39991149.9,116316881.6,397744050.231
39991146.6,116316976.6,397744050.347
39991176.6,116317116.6,397744050.579
39991181.6,116317259.9,397744050.81
39991198.3,116317411.6,397744051.042
39991198.3,116317559.9,397744051.273
39991185.0,116317679.9,397744051.505
39991186.6,116317778.3,397744051.736
39991168.3,116317881.6,397744052.199
39991248.3,116317810.0,397744053.935
39991321.6,116317746.6,397744054.63
39991359.9,116317880.0,397744056.25
39991316.6,116318044.9,397744056.481
39991271.6,116318201.6,397744056.713
39991210.0,116318276.6,397744056.944
39991188.3,116318434.9,397744057.176
39991193.3,116318556.6,397744057.292
39991189.9,116318650.0,397744057.407
39991188.3,116318750.0,397744057.523
39991163.3,116318844.9,397744057.639
39991158.3,116319019.9,397744057.87
39991166.6,116319209.9,397744058.102
39991176.6,116319308.3,397744058.218
39991204.9,116319416.6,397744058.333
39991223.3,116319514.9,397744058.449
39991253.3,116319964.9,397744059.028
39991263.3,116320413.3,397744059.606
39991289.9,116320570.0,397744059.838
39991306.6,116321633.3,397744061.227
39991329.9,116321728.3,397744061.343
39991343.3,116321819.9,397744061.458
39991350.0,116321913.3,397744061.574
39991346.6,116322006.6,397744061.69
39991338.3,116322108.3,397744061.806
39991336.6,116322198.3,397744061.921
39991333.3,116322288.3,397744062.037
39991344.9,116322451.6,397744062.269
39991350.0,116322786.6,397744062.731
39991336.6,116323034.9,397744063.079
39991348.3,116323345.0,397744063.542
39991351.6,116323506.6,397744063.773
39991458.3,116324219.9,397744065.162
39991439.9,116324356.6,397744065.625
39991420.0,116324515.0,397744065.972
39991359.9,116324609.9,397744066.319
39991356.6,116324391.6,397744066.782
39991378.3,116324486.6,397744079.63
39991346.6,116324606.6,397744081.019
39991253.3,116324653.3,397744081.25
39991289.9,116324769.9,397744081.829
39991314.9,116325129.9,397744083.102
39991348.3,116325224.9,397744083.565
39991358.3,116325318.3,397744084.144
39991373.3,116325418.3,397744085.301
39991503.3,116325426.6,397744093.75
39991478.3,116325534.9,397744094.213
39991476.6,116325634.9,397744094.907
39991514.9,116325721.6,397744095.255
39991531.6,116325826.6,397744095.602
39991491.6,116325908.3,397744095.833
39991456.6,116325991.6,397744096.296
39991445.0,116326100.0,397744096.875
39991451.6,116326193.3,397744097.338
39991409.9,116326295.0,397744097.801
39991399.9,116326485.0,397744099.884
39991439.9,116326566.6,397744100.463
39991798.3,116326361.6,397744107.06
39991676.6,116326396.6,397744107.523
39991506.6,116326418.3,397744107.639
39991390.0,116326419.9,397744107.755
39991303.3,116326448.3,397744107.87
39991448.3,116326419.9,397744107.986
39991581.6,116326359.9,397744110.532
39991616.6,116326458.3,397744111.111
39990629.9,116327771.6,397744113.194
39990903.3,116327733.3,397744113.31
39991103.3,116327723.3,397744113.426
39991250.0,116327739.9,397744113.542
39991311.6,116327854.9,397744113.889
39991375.0,116327958.3,397744114.12
39991375.0,116328078.3,397744114.468
39991358.3,116328168.3,397744114.815
39991189.9,116328243.3,397744115.162
39991289.9,116328236.6,397744117.477
39991251.6,116328336.6,397744118.403
39991149.9,116328371.6,397744118.866
39991030.0,116328440.0,397744120.602
39990964.9,116328504.9,397744120.833
39990866.6,116328556.6,397744120.949
39990781.6,116328611.6,397744121.065
39990680.0,116328703.3,397744121.296
39990614.9,116328791.6,397744121.528
39990558.3,116328880.0,397744121.759
39990514.9,116328963.3,397744121.991
39990463.3,116329055.0,397744122.338
39990411.6,116329186.6,397744122.917
39990588.3,116329218.3,397744123.495
39991091.6,116329084.9,397744123.843
39991233.3,116329021.6,397744124.074
39991219.9,116329116.6,397744126.62
39991213.3,116329211.6,397744127.315
39991231.6,116329300.0,397744128.241
39991255.0,116329393.3,397744129.167
39991271.6,116329484.9,397744129.861
39991269.9,116329578.3,397744130.671
39991314.9,116329665.0,397744131.366
39991323.3,116329766.6,397744132.176
39991354.9,116329871.6,397744133.102
39991380.0,116329960.0,397744134.028
39991409.9,116330051.6,397744134.722
39991441.6,116330136.6,397744138.773
39991435.0,116330236.6,397744139.583
39991448.3,116330343.3,397744140.278
39991456.6,116330435.0,397744143.75
39991420.0,116330535.0,397744156.944
39991498.3,116330591.6,397744157.755
39991545.0,116330686.6,397744158.565
39991578.3,116330781.6,397744159.259
39991563.3,116330886.6,397744159.954
39991575.0,116330979.9,397744160.648
39991576.6,116331083.3,397744161.574
39991548.3,116331179.9,397744162.269
39991535.0,116331279.9,397744162.963
39991488.3,116331366.6,397744163.542
39991481.6,116331460.0,397744164.236
39991405.0,116331543.3,397744207.06
39991398.3,116331643.3,397744212.037
39991295.0,116331728.3,397744212.963
39991183.3,116331734.9,397744213.31
39991053.3,116331744.9,397744213.542
39990945.0,116331773.3,397744213.657
39990839.9,116331781.6,397744214.005
39990688.3,116331798.3,397744214.352
39990498.3,116331814.9,397744214.699
39990358.3,116331845.0,397744214.931
39989663.3,116331738.3,397744215.509
39989409.9,116331746.6,397744215.625
39989135.0,116331763.3,397744215.741
39988966.6,116331771.6,397744215.856
39988808.3,116331781.6,397744215.972
39988646.6,116331786.6,397744216.088
39988486.6,116331789.9,397744216.204
39988325.0,116331791.6,397744216.319
39988153.3,116331799.9,397744216.435
39987971.6,116331791.6,397744216.551
39987793.3,116331791.6,397744216.667
39987573.3,116331768.3,397744216.782
39987371.6,116331775.0,397744216.898
39987185.0,116331768.3,397744217.014
39987005.0,116331766.6,397744217.13
39986823.3,116331773.3,397744217.245
39986641.6,116331783.3,397744217.361
39986461.6,116331796.6,397744217.477
39986283.3,116331810.0,397744217.593
39986111.6,116331818.3,397744217.708
39985944.9,116331833.3,397744217.824
39985776.6,116331858.3,397744217.94
39985611.6,116331874.9,397744218.056
39985446.6,116331891.6,397744218.171
39985281.6,116331911.6,397744218.287
39985116.6,116331936.6,397744218.403
39984951.6,116331956.6,397744218.519
39984784.9,116331979.9,397744218.634
39984618.3,116332008.3,397744218.75
39984461.6,116332033.3,397744218.866
39984308.3,116332048.3,397744218.981
39984160.0,116332055.0,397744219.097
39984003.3,116332059.9,397744219.213
39983844.9,116332059.9,397744219.329
39983683.3,116332073.3,397744219.444
39983515.0,116332090.0,397744219.56
39983356.6,116332104.9,397744219.676
39983188.3,116332128.3,397744219.792
39983031.6,116332146.6,397744219.907
39982873.3,116332166.6,397744220.023
39982711.6,116332184.9,397744220.139
39982551.6,116332213.3,397744220.255
39982391.6,116332239.9,397744220.37
39982228.3,116332268.3,397744220.486
39982058.3,116332296.6,397744220.602
39981891.6,116332324.9,397744220.718
39981723.3,116332358.3,397744220.833
39981553.3,116332386.6,397744220.949
39981383.3,116332420.0,397744221.065
39981211.6,116332451.6,397744221.181
39981043.3,116332476.6,397744221.296
39980880.0,116332506.6,397744221.412
39980736.6,116332543.3,397744221.528
39980598.3,116332569.9,397744221.644
39980435.0,116332580.0,397744221.759
39980258.3,116332584.9,397744221.875
39980068.3,116332606.6,397744221.991
39979893.3,116332636.6,397744222.106
39979706.6,116332674.9,397744222.222
39979528.3,116332711.6,397744222.338
39979358.3,116332744.9,397744222.454
39979198.3,116332781.6,397744222.569
39979048.3,116332809.9,397744222.685
39978896.6,116332840.0,397744222.801
39978750.0,116332869.9,397744222.917
39978588.3,116332899.9,397744223.032
39978433.3,116332934.9,397744223.148
39978269.9,116332968.3,397744223.264
39978121.6,116333006.6,397744223.38
39977965.0,116333053.3,397744223.495
39977823.3,116333089.9,397744223.611
39977679.9,116333128.3,397744223.727
39977538.3,116333163.3,397744223.843
39977398.3,116333196.6,397744223.958
39977265.0,116333226.6,397744224.074
39977136.6,116333263.3,397744224.19
39977024.9,116333286.6,397744224.306
39976903.3,116333315.0,397744224.421
39976783.3,116333345.0,397744224.537
39976665.0,116333374.9,397744224.653
39976559.9,116333391.6,397744224.769
39976379.9,116333431.6,397744225.0
39976221.6,116333470.0,397744225.231
39976063.3,116333508.3,397744225.463
39975953.3,116333551.6,397744225.694
39975840.0,116333576.6,397744226.042
39975706.6,116333584.9,397744226.389
39975608.3,116333610.0,397744226.736
39975513.3,116333660.0,397744227.431
39975424.9,116333713.3,397744228.241
39975326.6,116333741.6,397744233.912
39975093.3,116333801.6,397744234.028
39974926.6,116333841.6,397744234.259
39974831.6,116333870.0,397744234.375
39974728.3,116333909.9,397744234.491
39974639.9,116333946.6,397744234.606
39974545.0,116333975.0,397744234.722
39974435.0,116334019.9,397744234.838
39974326.6,116334066.6,397744234.954
39974211.6,116334119.9,397744235.069
39974086.6,116334185.0,397744235.185
39973973.3,116334283.3,397744235.301
39973861.6,116334383.3,397744235.417
39973746.6,116334485.0,397744235.532
39973620.0,116334590.0,397744235.648
39973493.3,116334711.6,397744235.764
39973361.6,116334826.6,397744235.88
39973218.3,116334955.0,397744235.995
39973083.3,116335044.9,397744236.227
39972966.6,116335146.6,397744236.343
39972846.6,116335254.9,397744236.458
39972721.6,116335366.6,397744236.574
39972600.0,116335484.9,397744236.69
39972460.0,116335601.6,397744236.806
39972316.6,116335714.9,397744236.921
39972181.6,116335814.9,397744237.037
39972040.0,116335916.6,397744237.153
39971883.3,116336035.0,397744237.269
39971739.9,116336154.9,397744237.384
39971584.9,116336271.6,397744237.5
39971436.6,116336373.3,397744237.616
39971285.0,116336478.3,397744237.731
39970996.6,116336681.6,397744237.847
39970778.3,116336855.0,397744237.963
39970563.3,116337033.3,397744238.079
39970346.6,116337188.3,397744238.194
39970158.3,116337314.9,397744238.31
39969971.6,116337428.3,397744238.426
39969788.3,116337536.6,397744238.542
39969611.6,116337625.0,397744238.657
39969435.0,116337728.3,397744238.773
39969269.9,116337823.3,397744238.889
39969111.6,116337918.3,397744239.005
39968948.3,116338023.3,397744239.12
39968798.3,116338103.3,397744239.236
39968636.6,116338191.6,397744239.352
39968471.6,116338271.6,397744239.468
39968310.0,116338351.6,397744239.583
39968158.3,116338416.6,397744239.699
39968009.9,116338468.3,397744239.815
39967869.9,116338515.0,397744239.931
39967733.3,116338561.6,397744240.046
39967598.3,116338603.3,397744240.162
39967471.6,116338655.0,397744240.278
39967338.3,116338706.6,397744240.394
39967213.3,116338736.6,397744240.509
39967099.9,116338753.3,397744240.625
39966986.6,116338751.6,397744240.741
39966868.3,116338786.6,397744240.856
39966756.6,116338823.3,397744240.972
39966653.3,116338848.3,397744241.088
39966551.6,116338874.9,397744241.204
39966450.0,116338880.0,397744241.319
39966336.6,116338896.6,397744241.435
39966178.3,116338924.9,397744241.667
39966043.3,116338924.9,397744241.898
39965916.6,116338928.3,397744242.13
39965811.6,116338921.6,397744242.361
39965701.6,116338908.3,397744242.593
39965563.3,116338843.3,397744242.94
39965453.3,116338939.9,397744244.676
39965361.6,116338970.0,397744245.486
39965336.6,116339059.9,397744246.181
39965258.3,116339125.0,397744248.611
39965081.6,116339148.3,397744248.727
39964980.0,116339161.6,397744248.843
39964869.9,116339171.6,397744248.958
39964748.3,116339181.6,397744249.074
39964633.3,116339189.9,397744249.19
39964506.6,116339209.9,397744249.306
39964378.3,116339238.3,397744249.421
39964148.3,116339304.9,397744249.537
39963966.6,116339355.0,397744249.653
39963803.3,116339394.9,397744249.769
39963639.9,116339433.3,397744249.884
39963473.3,116339471.6,397744250.0
39963306.6,116339503.3,397744250.116
39963133.3,116339524.9,397744250.231
39962973.3,116339531.6,397744250.347
39962806.6,116339553.3,397744250.463
39962635.0,116339583.3,397744250.579
39962468.3,116339618.3,397744250.694
39962304.9,116339644.9,397744250.81
39962135.0,116339668.3,397744250.926
39961958.3,116339693.3,397744251.042
39961776.6,116339720.0,397744251.157
39961603.3,116339753.3,397744251.273
39961426.6,116339784.9,397744251.389
39961254.9,116339819.9,397744251.505
39961089.9,116339853.3,397744251.62
39960919.9,116339903.3,397744251.736
39960728.3,116339959.9,397744251.852
39960565.0,116340056.6,397744251.968
39960413.3,116340121.6,397744252.083
39960261.6,116340196.6,397744252.199
39960106.6,116340236.6,397744252.315
39959943.3,116340298.3,397744252.431
39959784.9,116340366.6,397744252.546
39959629.9,116340435.0,397744252.662
39959473.3,116340501.6,397744252.778
39959316.6,116340583.3,397744252.894
39959154.9,116340663.3,397744253.009
39959006.6,116340738.3,397744253.125
39958851.6,116340828.3,397744253.241
39958693.3,116340916.6,397744253.356
39958553.3,116340988.3,397744253.472
39958391.6,116341071.6,397744253.588
39958231.6,116341148.3,397744253.704
39958074.9,116341223.3,397744253.819
39957918.3,116341301.6,397744253.935
39957763.3,116341383.3,397744254.051
39957613.3,116341456.6,397744254.167
39957463.3,116341526.6,397744254.282
39957315.0,116341593.3,397744254.398
39957168.3,116341651.6,397744254.514
39957023.3,116341703.3,397744254.63
39956875.0,116341771.6,397744254.745
39956731.6,116341841.6,397744254.861
39956589.9,116341914.9,397744254.977
39956449.9,116341991.6,397744255.093
39956309.9,116342071.6,397744255.208
39956169.9,116342153.3,397744255.324
39956031.6,116342233.3,397744255.44
39955885.0,116342308.3,397744255.556
39955743.3,116342384.9,397744255.671
39955600.0,116342458.3,397744255.787
39955453.3,116342539.9,397744255.903
39955314.9,116342613.3,397744256.019
39955173.3,116342694.9,397744256.134
39955036.6,116342776.6,397744256.25
39954898.3,116342861.6,397744256.366
39954764.9,116342939.9,397744256.481
39954635.0,116343008.3,397744256.597
39954504.9,116343070.0,397744256.713
39954380.0,116343119.9,397744256.829
39954248.3,116343163.3,397744256.944
39954138.3,116343195.0,397744257.06
39954018.3,116343233.3,397744257.176
39953893.3,116343280.0,397744257.292
39953771.6,116343329.9,397744257.407
39953636.6,116343385.0,397744257.523
39953488.3,116343444.9,397744257.639
39953341.6,116343516.6,397744257.755
39953199.9,116343595.0,397744257.87
39953063.3,116343679.9,397744257.986
39952928.3,116343759.9,397744258.102
39952791.6,116343833.3,397744258.218
39952664.9,116343903.3,397744258.333
39952539.9,116343981.6,397744258.449
39952405.0,116344053.3,397744258.565
39952263.3,116344133.3,397744258.681
39952123.3,116344221.6,397744258.796
39951978.3,116344313.3,397744258.912
39951836.6,116344394.9,397744259.028
39951713.3,116344485.0,397744259.144
39951591.6,116344564.9,397744259.259
39951473.3,116344616.6,397744259.375
39950625.0,116345131.6,397744260.069
39950475.0,116345173.3,397744260.185
39950320.0,116345221.6,397744260.301
39950216.6,116345208.3,397744260.417
39950058.3,116345228.3,397744260.532
39949481.6,116345266.6,397744260.995
39949359.9,116345229.9,397744261.111
39949233.3,116345188.3,397744261.227
39949104.9,116345151.6,397744261.343
39948968.3,116345121.6,397744261.458
39948850.0,116345089.9,397744261.574
39948738.3,116345058.3,397744261.69
39948616.6,116345030.0,397744261.806
39948498.3,116345004.9,397744261.921
39948381.6,116344979.9,397744262.037
39948266.6,116344953.3,397744262.153
39948154.9,116344933.3,397744262.269
39948044.9,116344911.6,397744262.384
39947928.3,116344890.0,397744262.5
39947818.3,116344883.3,397744262.616
39947700.0,116344876.6,397744262.731
39947576.6,116344850.0,397744262.847
39947473.3,116344828.3,397744262.963
39947360.0,116344813.3,397744263.079
39947253.3,116344791.6,397744263.194
39947140.0,116344769.9,397744263.31
39947003.3,116344768.3,397744263.542
39946841.6,116344773.3,397744263.773
39946606.6,116344871.6,397744263.889
39946463.3,116344914.9,397744264.005
39946343.3,116344941.6,397744264.12
39946253.3,116344953.3,397744264.236
39946166.6,116344978.3,397744264.352
39946015.0,116345011.6,397744264.583
39945888.3,116345053.3,397744264.815
39945773.3,116345091.6,397744265.046
39945643.3,116345151.6,397744265.278
39945521.6,116345188.3,397744265.509
39945018.3,116345316.6,397744267.708
39944903.3,116345354.9,397744267.94
39944753.3,116345421.6,397744268.171
39944658.3,116345471.6,397744268.403
39944538.3,116345535.0,397744268.634
39944405.0,116345579.9,397744268.866
39944223.3,116345649.9,397744269.097
39944123.3,116345686.6,397744269.213
39944038.3,116345725.0,397744269.329
39943866.6,116345813.3,397744269.56
39943781.6,116345856.6,397744269.676
39943623.3,116345931.6,397744269.907
39943481.6,116345994.9,397744270.139
39943343.3,116346056.6,397744270.37
39943238.3,116346104.9,397744270.602
39943133.3,116346139.9,397744270.833
39943045.0,116346165.0,397744271.065
39942931.6,116346195.0,397744271.412
39942741.6,116346168.3,397744272.685
39942404.9,116346619.9,397744274.884
39941074.9,116347738.3,397744280.44
39940938.3,116347824.9,397744280.787
39940858.3,116347898.3,397744281.019
39940763.3,116348006.6,397744281.481
39940605.0,116346313.3,397744299.769
39940403.3,116346493.3,397744299.884
39940321.6,116346571.6,397744300.116
39940246.6,116346670.0,397744300.579
39940079.9,116346871.6,397744301.042
39940018.3,116347004.9,397744301.736
39940046.6,116347098.3,397744302.778
39940109.9,116347213.3,397744303.704
39940183.3,116347269.9,397744304.398
39940273.3,116347278.3,397744305.093
39940383.3,116347276.6,397744305.787
39940511.6,116347266.6,397744306.481
39940668.3,116347243.3,397744307.523
39940589.9,116347351.6,397744308.102
39940453.3,116347278.3,397744308.449
39940359.9,116347273.3,397744308.565
39940211.6,116347211.6,397744308.912
39940109.9,116347171.6,397744309.144
39940005.0,116347214.9,397744309.722
39940161.6,116347196.6,397744311.227
39940093.3,116347278.3,397744311.921
39939901.6,116347316.6,397744312.269